package math

PI = 3.14159265359
E = 2.71828182846
